	B208_bv	A208_n	B210_bv	A210_i	B226_bv	A226_n	B232_bv	A232_n	B236_bv	A236_n	B238_bv	A238_i	B240_bv	A240_n	B242_bv	A242_n	B244_bv	A244_n	B246_bv	A246_n	B256_bv	A256_n	B260_bv	A260_n	B266_bv	A266_n	B276_bv	A276_n	B280_bv	A280_n	B282_bv	A282_n	B284_bv	A284_n	B286_bv	A286_bv	B288_bv	A288_n	B290_bv	A290_n	B294_bv	A294_n	B296_bv	A296_bv	B300_bv	A300_bv	B302_bv	A302_bv	B304_bv	A304_n	B312_bv	A312_i	B314_bv	A314_n	B316_bv	A316_i	B318_bv	A318_n	B324_bv	A324_n	B326_bv	A326_n
Actinobacteria:Actinomyces	1	11	8	1	1	4	3	8	2	5	4	1	3	6	1	1	4	2	1	0	0	13	0	2	3	2	0	3	4	7	6	6	0	14	6	0	1	0	3	3	2	0	1	1	0	3	0	2	0	5	0	1	7	13	14	13	7	3	5	8	4	9
Actinobacteria:Arcanobacterium	1	0	2	3	2	2	2	2	4	4	3	473	6	6	5	3	0	0	0	1	2	1	0	1	1006	12	13	6	6	21	13	7	5	3	2	12	10	7	11	2	2	2	152	19	5	7	2	5	76	4	2	4	5	0	0	0	0	0	1	0	1	0
Actinobacteria:Mobiluncus	3	1	13	1	5	10	33	9	5	8	2	7	4	4	3	3	21	2	2	1	1	0	0	0	13	1	2	3	0	0	21	3	1	1	2	2	67	2	5	0	0	0	1	0	3	3	1	4	9	1	2	2	4	4	5	64	2	5	5	3	1	1
Actinobacteria:unclassified	19	19	3	1	1	0	3	2	0	0	7	8	2	0	23	13	15	31	11	9	496	336	12	14	7	4	8	8	5	11	3	5	7	4	12	7	0	3	34	47	25	21	66	51	46	54	374	566	70	41	29	50	3	9	7	17	0	2	14	16	104	4
Actinobacteria:Corynebacterium	2	2	2	3	7	2	1	1	1	1	0	1	1	3	0	2	16	2	2	1	0	0	0	4	0	0	1	11	0	2	0	4	0	1	0	0	1	3	0	2	1	2	1	15	1	7	0	0	0	0	3	0	5	6	0	0	3	5	2	4	0	1
Actinobacteria:Alloscardovia	0	0	0	0	0	3	0	0	1	1	1	2	0	1	15	22	19	9	6	8	13	15	10	19	0	2	0	0	0	0	0	0	0	0	1	1	0	1	11	9	9	1	17	12	5	12	17	14	8	7	8	13	0	0	1	0	0	1	1	0	3	2
Actinobacteria:Bifidobacterium	2	1	3	4	10	2	0	0	1	1	4	2	19	1	17	39	89	77	24	14	31	25	34	33	0	3	1	3	3	4	5	2	3	2	4	10	51	2	70	67	66	35	80	77	68	53	44	66	40	42	6072	74	0	1	33	36	5	0	0	1	5	6
Actinobacteria:Gardnerella	13590	1494	10588	2477	4586	1219	4886	748	2668	2754	477	6861	1088	990	7007	1501	6659	1003	8768	984	4154	4233	779	792	11380	2146	11291	5846	6896	2525	26811	15861	7451	1075	1308	14609	11341	1817	20017	10761	6713	1255	7154	7826	9729	6616	5319	12461	10056	1380	2316	1686	17083	9495	7630	10228	941	638	10213	1056	1353	1209
Actinobacteria:Atopobium	2423	168	474	424	196	205	1208	116	1042	414	225	713	190	303	2755	184	999	151	768	178	604	279	130	259	1863	278	1743	512	836	468	422	549	1202	414	559	1453	1742	544	2126	628	863	288	1581	697	2185	1893	1160	2712	2964	196	445	541	2264	110	1762	1109	142	117	1052	238	253	206
Bacteroidetes:Porphyromonas	157	10	6	7	7	28	73	21	20	20	31	213	20	25	27	42	129	36	13	10	796	178	12	12	41	9	16	12	299	14	8	15	6	4	14	20	4	4	48	29	24	7	37	26	52	92	13	20	25	19	8	3	43	32	39	38	32	12	47	45	32	26
Bacteroidetes:unclassified	3	1	0	2	0	1	2	2	1	1	11	1	1	0	4	2	5	6	0	0	56	1	1	0	1	1	2	0	1	1	2	4	0	0	0	1	0	0	5	4	5	3	294	0	21	16	2	3	3	5	1	9	2	3	3	6	0	1	98	1	5	0
Bacteroidetes:Prevotella	1392	161	557	329	317	582	2808	283	2849	301	1016	4836	500	473	6000	416	4031	705	1108	375	3119	3511	2816	357	5479	424	8437	1342	5847	1915	2011	1789	3884	485	6742	811	9246	874	2493	592	6757	494	9690	1103	8293	12958	1418	3057	6315	486	1000	997	1427	270	2322	4624	250	180	4775	606	878	479
Chlamydiae:Chlamydia	0	0	1	0	0	0	0	0	0	0	0	0	0	0	2	0	0	0	0	1	0	0	0	0	7	0	0	0	0	0	1	2	0	0	1	0	10	16	7	0	0	0	0	0	1	0	0	0	0	0	0	1	2	0	0	0	0	0	0	0	0	0
Firmicutes:Gemella	7	10	8	10	73	8	7	7	10	15	933	138	5	18	8	4	17	6	10	3	13	8	3	8	9	4	46	4	9	16	8	29	29	8	34	5	59	7	8	13	8	1	8	10	19	12	6	11	9	7	12	34	201	4	31	11	23	0	23	7	9	28
Firmicutes:Paenibacillus	1	4	13	27	59	4	0	2	0	8	10	1	2	3	2	12	2	3	4	2	1	4	2	23	3	4	8	5	5	3	10	156	3	29	4	4	6	5	2	1	0	1	14	4	1	1	1	1	2	3	0	0	6	1	1	1	27	0	1	2	2	7
Firmicutes:Lactobacillus	230	128	151	127	75	120	54	43	35	771	50	23	263	90	38	120	238	314	120	49	65	45	35	58	116	321	130	334	177	138	2541	11297	130	187	152	132	269	238	329	658	458	314	476	490	277	576	126	248	339	296	7363	5940	116	836	344	225	229	81	56	205	45	83
Firmicutes:Lactobacillus_crispatus	631	647	1319	1319	200	4392	196	196	218	393	423	457	3556	15249	233	336	208	8261	351	318	149	106	160	191	210	396	238	472	141	195	337	447	201	219	332	398	451	681	306	7587	490	404	536	992	278	576	109	186	181	173	460	692	280	456	278	530	458	378	278	464	118	198
Firmicutes:Lactobacillus_iners	3448	20263	14860	2999	5236	2003	1157	12380	658	12370	726	700	9564	1836	1244	13079	877	2099	1165	8515	920	1323	479	10553	3207	18663	2675	16883	2281	2763	2882	1840	1182	21914	1696	3772	2189	29436	1682	1780	1227	17662	1306	12441	826	1778	2475	4218	1376	25884	1374	1897	5330	11271	1069	2804	13044	11491	1531	14936	627	11645
Firmicutes:Streptococcus	9	92	55	183	128	21	3	32	20	40	18	17	11	44	59	107	112	54	41	32	31	102	2933	114	23	65	8	49	6	69	40	160	41	73	30	20	22	92	189	288	136	94	257	170	143	172	68	106	112	223	3912	20202	41	96	75	37	358	24	58	45	21	42
Firmicutes:Clostridium(sensu_stricto)	9	5	7	1	0	1	2	0	2	2	0	0	0	0	0	0	0	8	1	2	0	0	6	2	0	1	0	2	3	2	4	2	4	0	2	8	1	0	0	0	4	74	2	0	3	2	3	2	2	1	0	1	6	15	7	10	5	11	9	12	2	3
Firmicutes:Anaerococcus	71	5	16	7	15	4	6	12	4	12	8	16	8	10	63	38	33	25	44	26	28	31	25	40	12	3	29	3	56	20	15	33	5	5	5	18	45	6	10	7	40	4	74	5	12	6	9	13	5	5	4	2	813	47	15	164	6	13	27	9	15	26
Firmicutes:Finegoldia	1	3	3	4	6	7	5	6	8	7	3	2	4	6	2	3	6	1	3	0	1	0	2	2	3	4	9	3	0	3	7	9	0	5	6	4	2	2	2	6	0	1	4	7	10	1	0	1	2	1	0	3	97	11	13	2	3	0	10	9	2	4
Firmicutes:Parvimonas	43	3	16	5	6	22	40	4	22	9	418	42	10	11	5	4	57	4	2	5	22	7	4	4	213	5	33	12	13	10	10	20	22	9	56	5	165	9	13	12	9	5	48	15	18	11	10	22	47	5	11	7	19	10	117	100	5	13	72	21	17	8
Firmicutes:Peptoniphilus	5	5	4	7	5	6	9	4	5	7	7	15	5	8	5	4	4	2	1	2	10	4	0	4	5	7	4	5	13	2	5	21	0	2	5	3	6	1	9	5	4	1	6	13	6	11	3	15	28	4	3	8	8	12	13	25	2	4	22	13	2	16
Firmicutes:Moryella	15	0	11	0	2	7	32	1	2	1	2	2	3	2	2	0	47	2	0	0	8	14	0	1	0	1	3	1	14	5	4	0	0	0	1	0	1	2	1	6	6	2	642	8	13	8	5	10	4	3	7	5	14	10	12	77	14	7	24	19	5	13
Firmicutes:Peptostreptococcus	13	1	8	10	1	3	13	6	8	2	209	31	7	11	89	11	31	16	3	3	20	16	27	8	8	26	15	11	96	8	71	169	7	7	17	20	12	6	76	20	7	6	219	40	39	539	7	13	14	12	13	28	9	12	5	13	3	4	13	15	8	14
Firmicutes:unclassified_BVAB1	37	60	3	1	57	103	52	77	1836	55	77	34	67	114	65	87	61	78	29	29	926	1490	95	76	86	82	228	93	99	102	83	88	87	77	5772	53	68	99	43	48	27	19	36	65	123	56	65	72	34	38	27	35	76	105	95	87	30	45	161	106	2890	83
Firmicutes:unclassified_BVAB2	1423	32	71	65	38	44	303	27	170	55	45	33	66	102	935	26	894	51	19	20	153	87	14	43	1927	51	133	77	55	37	69	69	47	54	278	58	1143	57	462	175	74	53	486	123	1899	1802	481	915	1568	77	125	271	70	55	518	1338	35	20	989	100	176	57
Firmicutes:unclassified_BVAB3	7	0	5	0	9	15	371	13	10	10	10	14	9	18	1	0	1	6	0	2	11	3	0	4	4	4	8	6	7	3	8	4	4	2	146	12	97	3	15	10	6	5	13	22	18	14	19	34	11	5	16	12	11	15	14	26	9	10	13	21	117	13
Firmicutes:Granulicatella	28	14	244	58	85	70	23	38	28	206	21	207	49	106	80	165	191	80	213	63	55	73	43	114	117	147	155	266	70	58	119	96	196	62	63	773	95	100	12	113	73	16	65	90	20	34	45	119	54	17	29	41	1875	1123	463	574	81	34	60	58	24	25
Firmicutes:Dialister	95	21	74	42	51	55	81	28	102	62	142	291	64	48	236	36	401	46	97	32	147	97	82	37	628	64	238	162	344	67	145	129	199	57	407	533	617	116	208	66	138	36	547	119	592	1215	151	215	296	29	345	198	372	111	291	377	29	21	354	67	53	35
Firmicutes:Megasphaera	262	30	2571	187	133	193	205	45	1707	106	78	87	116	125	1003	133	826	199	1056	172	780	243	139	117	4418	268	3163	636	2654	489	884	586	3579	228	2795	202	5291	457	4304	365	2238	354	2440	623	7244	7102	1344	2653	3659	194	365	467	154	85	936	3036	102	97	2495	246	205	136
Firmicutes:Veillonella	1	4	9	21	9	12	3	6	6	3	4	11	5	13	5	12	12	4	13	2	4	2	1	6	46	15	16	36	10	9	10	21	7	13	9	24	10	22	3	4	24	2	318	72	6	4	3	3	1	3	4	5	40	0	3	0	6	1	0	4	4	4
Fusobacteria:Fusobacterium	0	0	2	3	5	4	5	5	3	9	63	5	2	14	2	3	5	1	2	0	12	0	1	0	0	2	3	30	0	1	1	0	0	1	3	0	0	0	10	21	12	9	30	17	204	1801	5	13	21	14	8	18	9	13	15	9	2	4	13	31	2	10
Fusobacteria:Leptotrichia(Sneathia)	943	62	375	121	98	217	1704	119	974	128	1471	4566	194	155	1332	52	391	58	346	57	211	67	36	74	816	272	299	430	3922	511	756	396	165	252	5844	6772	5405	316	3207	178	311	186	4262	490	240	303	143	235	1012	137	301	206	66	46	1673	260	50	57	487	89	75	88
Proteobacteria:Campylobacter	0	1	1	4	0	7	1	3	4	5	0	120	2	4	6	1	4	1	3	1	0	0	4	3	7	2	2	2	0	0	3	8	2	0	4	0	0	1	11	1	1	1	0	0	8	1	0	0	1	0	1	3	9	6	5	3	2	3	14	10	4	4
Proteobacteria:Escherichia/Shigella	138	2	61	3	1	4	38	0	0	1	5	1	0	0	0	3	3	0	8	3	83	0	1	1	0	1	4	0	98	3	55	56	3	1	9	0	4	0	0	0	9	1	0	6	3	1	3	0	51	3	1	2	1	6	0	2	262	2	4	2	3	2
Proteobacteria:unclassified_Enterobacteriaceae	1	1	1	2	2	25	0	1	2	2	1	0	0	0	2	0	0	0	4	1	0	0	2	0	0	0	1	1	0	0	0	1	2	0	1	0	0	2	0	0	6	0	0	0	3	2	1	0	0	1	0	1	2	0	0	0	1	0	3	0	0	0
Tenericutes:Mycoplasma	0	1	1	0	0	0	0	0	0	0	2	0	1	0	1	0	0	0	0	0	0	0	0	0	0	0	0	0	0	0	0	0	0	0	0	1	0	0	3	0	0	0	73	1	1	0	0	0	0	0	1	3	0	0	1	0	0	0	0	0	0	0
unclassified:TM7_genera_incertae_sedis	7	0	0	0	4	10	55	3	77	4	2	4	6	7	1	0	0	0	0	0	2	0	2	0	0	2	9	2	1	0	0	1	3	1	0	1	0	1	24	69	25	22	83	39	89	48	2148	3113	30	32	59	154	0	0	0	0	0	0	5	2	10	13
unclassified:unclassified_Bacteroidales	6	1	0	2	2	2	5	0	3	3	3	1	5	7	3	4	1	4	1	0	63	28	3	2	1	1	7	4	1	1	3	1	1	4	2	3	2	0	0	1	1	1	5	2	5	6	0	3	3	0	5	3	1	1	3	143	0	2	3	8	0	1
