	PolyIC...Bf	PolyIC...Bf.1	PolyIC...Bf.2	PolyIC...Bf.3	PolyIC...Bf.4	PolyIC...Bf.5	PolyIC...Bf.6	PolyIC...Bf.7	PolyIC...Bf.8	PolyIC...Bf.9	PolyIC	PolyIC.1	PolyIC.2	PolyIC.3	PolyIC.4	PolyIC.5	PolyIC.6	PolyIC.7	PolyIC.8	PolyIC.9
346	0	0	1	0	0	0	0	0	1	0	1	0	0	1	2	0	0	0	0	0
347	0	0	0	0	0	0	0	2	0	0	2	1	0	0	1	2	0	1	0	0
341	0	1	1	0	0	0	2	0	0	0	1	0	0	0	0	1	0	0	0	0
343	1	0	0	0	1	0	0	0	0	0	0	0	0	0	0	0	3	1	0	0
349	1	0	0	0	0	0	0	1	0	0	0	1	0	0	0	1	1	0	0	2
299	2	1	2	1	2	2	3	3	1	2	2	1	3	1	2	3	0	1	2	4
296	0	0	1	1	0	0	3	0	1	2	3	1	1	1	1	0	1	0	1	0
297	1	0	0	1	2	0	0	2	0	0	3	0	0	0	0	0	0	3	0	0
294	0	0	0	0	0	1	0	2	1	1	0	0	0	0	0	0	2	0	0	0
292	3	0	0	0	0	0	2	0	0	0	0	0	0	0	0	0	0	0	0	0
293	0	1	2	1	3	1	0	0	0	0	0	0	1	0	0	0	1	0	0	0
290	0	0	0	0	1	4	0	0	1	0	0	0	0	0	0	0	0	0	1	0
291	0	0	0	4	3	1	0	0	1	0	1	1	1	3	0	1	0	1	1	2
270	2	0	0	1	0	2	1	1	0	3	0	0	2	3	2	0	2	0	0	0
271	0	0	0	0	2	1	0	0	0	2	0	0	1	2	0	0	0	0	0	3
272	2	0	0	3	0	4	3	1	2	0	1	0	0	0	0	1	0	0	0	2
274	5	9	6	15	5	2	9	6	3	4	7	3	5	6	5	5	3	1	1	1
275	2	2	1	0	1	0	0	2	2	1	0	0	0	0	2	0	0	4	0	0
276	1	0	0	0	13	0	0	2	0	0	0	0	0	0	0	0	0	2	0	0
277	0	0	0	0	0	0	2	0	0	0	0	0	0	1	0	0	0	0	2	0
279	0	0	0	0	0	1	0	0	0	0	0	0	3	5	0	1	0	0	3	1
108	0	0	0	0	3	1	7	7	0	6	2	3	1	0	2	0	2	3	1	7
102	2	0	1	0	0	3	1	0	1	3	4	2	6	3	0	1	1	0	3	2
103	0	3	2	0	4	0	0	1	0	0	0	0	1	2	2	0	0	0	3	0
100	4	1	4	2	2	1	1	2	0	2	2	3	2	5	1	0	1	1	2	1
101	0	1	0	0	0	0	0	0	0	0	0	0	0	2	0	2	0	0	0	0
106	2	1	2	3	2	0	1	6	3	0	1	2	0	2	3	5	1	0	4	0
107	0	0	0	0	0	1	0	0	2	0	0	0	0	0	0	0	0	0	9	4
104	0	0	0	1	0	2	0	1	0	0	1	1	0	0	0	1	0	1	0	0
105	0	0	3	0	1	0	2	1	3	0	1	1	0	0	2	1	1	2	0	0
1213	1	0	0	0	2	0	4	9	0	4	0	2	1	3	0	0	1	1	1	2
99	1	0	1	3	1	1	3	2	0	5	5	0	0	0	0	1	1	0	8	1
98	1	0	2	0	4	2	0	3	3	3	1	0	3	1	3	4	2	4	3	6
91	1	5	5	1	0	3	8	0	2	6	1	5	0	2	2	1	0	0	5	1
90	0	0	2	0	1	2	1	0	0	0	0	0	0	0	0	0	0	0	0	0
93	0	0	0	0	2	2	0	2	11	2	0	4	0	0	0	0	1	1	3	0
92	2	1	0	1	0	0	1	1	0	0	0	0	1	2	2	3	3	0	2	3
95	7	3	4	0	4	3	1	0	2	3	3	2	0	3	0	1	7	1	14	1
94	3	0	4	1	3	1	0	5	1	0	4	6	1	0	0	3	2	1	1	5
97	20	0	2	1	0	0	3	3	0	1	6	3	1	0	1	0	3	0	0	0
96	0	0	0	0	0	2	1	2	3	1	3	0	0	0	0	0	0	0	0	0
554	0	0	0	3	0	3	0	1	0	0	0	0	0	1	0	0	1	0	2	1
553	1	0	1	0	0	1	1	0	2	0	0	1	0	0	0	0	0	0	0	0
552	0	0	0	0	0	2	0	0	0	0	1	0	0	1	0	0	0	0	0	1
1199	4	1	3	5	2	1	7	8	1	7	1	2	4	4	4	3	2	2	6	2
1198	4	23	13	10	2	2	12	7	14	10	6	16	8	8	7	8	13	7	1	3
1171	2	0	0	0	0	0	0	0	0	0	2	2	0	0	1	1	0	0	0	1
510	0	0	0	0	0	1	1	0	0	0	0	0	0	0	0	0	1	0	2	1
1287	13	6	8	11	11	11	7	16	9	10	9	2	16	4	5	10	8	10	8	17
1280	1	0	0	0	0	0	1	1	1	0	1	0	0	0	0	0	0	0	0	0
1283	3	0	0	3	1	2	0	2	0	0	2	0	2	0	1	0	1	2	1	2
1282	0	2	1	0	1	3	1	2	0	2	1	2	1	0	1	0	0	4	0	0
515	1	0	0	2	2	1	0	1	1	1	0	1	0	1	0	2	0	0	0	0
1289	6	2	1	1	1	1	1	1	3	2	0	0	0	2	1	0	1	1	0	0
1288	3	4	4	8	8	6	3	7	1	1	6	8	9	18	12	5	6	3	14	10
689	0	1	0	0	1	0	0	2	0	1	2	0	0	0	1	0	2	0	0	0
516	0	0	0	0	0	1	1	0	0	0	4	0	0	0	0	0	1	1	0	0
682	0	0	1	0	0	0	0	4	0	0	0	0	1	0	0	1	1	0	0	2
1225	1	3	5	4	3	6	3	7	4	5	4	4	7	3	4	6	3	1	1	5
1224	5	3	4	0	3	7	6	1	10	4	1	0	0	0	0	3	7	7	1	5
627	0	0	0	2	0	0	0	1	1	0	0	0	1	0	0	0	0	0	0	0
1221	0	0	1	1	1	0	0	1	0	1	0	0	0	0	0	0	0	0	0	0
624	1	0	1	0	1	1	1	1	2	1	3	3	0	1	0	0	0	0	2	2
1373	1	4	1	10	0	2	4	4	2	13	6	2	4	7	3	6	4	4	4	3
1375	1	2	2	0	1	0	0	0	0	0	0	0	0	0	0	0	0	2	0	1
1374	0	0	0	0	0	1	1	0	0	0	5	1	0	0	0	2	2	0	7	3
400	0	0	0	0	1	0	0	0	0	2	0	0	0	0	0	0	0	1	0	1
409	0	0	0	0	1	1	0	0	0	0	0	0	1	0	0	1	0	0	1	0
408	0	1	0	0	0	1	0	1	0	1	0	3	0	2	0	1	1	0	0	1
1343	18	26	7	28	18	29	13	14	26	18	9	15	14	16	15	16	28	18	20	33
454	0	1	2	1	0	0	0	0	0	0	2	1	1	0	0	1	0	0	0	0
456	1	1	2	0	0	0	1	1	0	1	0	0	0	1	0	0	0	0	1	1
379	9	3	10	0	6	2	2	0	1	2	14	3	0	3	1	0	4	3	3	1
371	0	1	0	1	0	0	1	0	1	1	3	0	0	0	0	1	0	0	0	0
370	0	0	0	0	10	0	0	0	0	0	0	0	0	0	0	0	0	2	0	0
372	0	0	0	0	0	0	1	0	0	0	2	0	0	4	0	0	0	0	0	2
375	0	0	0	0	2	0	1	0	2	0	0	3	0	0	0	1	4	2	1	2
374	2	4	8	9	3	0	1	1	3	1	1	1	5	4	2	4	4	3	5	4
377	0	0	0	0	0	1	0	0	0	0	0	1	0	0	1	0	0	0	3	0
376	2	0	0	1	0	4	0	0	1	1	1	0	0	0	0	0	0	0	0	0
392	4	0	1	2	3	2	0	1	0	2	1	1	0	2	1	2	1	1	0	1
391	3	4	2	4	1	1	3	2	3	5	3	2	10	3	1	7	3	1	1	4
390	2	1	1	0	1	0	0	0	0	0	0	0	0	0	0	0	0	1	0	1
397	0	0	0	0	0	4	0	2	4	0	0	1	0	0	0	0	0	0	0	0
396	4	8	9	9	7	1	4	5	4	3	9	12	3	3	10	7	8	5	0	3
395	0	0	0	2	0	1	0	5	1	1	0	1	1	0	2	0	0	0	0	0
394	0	0	2	0	0	1	0	0	1	0	1	0	0	0	0	0	1	0	2	0
245	2	0	1	0	0	0	1	0	0	0	1	1	0	0	0	0	1	0	0	0
244	1	2	0	1	0	2	0	1	0	0	1	0	0	1	2	0	0	1	1	1
247	0	0	0	2	0	0	2	0	0	2	0	1	0	0	0	0	1	0	0	0
246	0	0	0	1	0	2	0	0	0	1	0	2	0	1	0	1	0	0	0	0
241	17	0	0	0	2	0	0	0	0	0	0	0	0	0	0	0	0	0	0	0
243	0	0	0	0	0	0	0	0	0	0	0	0	0	0	0	1	4	0	7	2
242	0	0	0	0	2	2	0	0	2	0	1	0	0	0	0	0	2	1	0	0
249	0	0	0	0	0	0	1	0	0	0	2	0	0	0	0	0	0	0	2	0
179	2	0	0	0	0	0	1	0	2	0	4	1	0	0	0	1	0	2	1	1
178	0	1	2	2	3	0	0	1	1	1	3	2	1	0	5	0	2	0	0	0
177	0	2	0	0	0	0	0	0	2	0	0	1	0	0	0	0	1	0	0	1
176	0	1	3	1	0	1	0	2	1	0	2	0	0	2	0	2	3	0	2	3
175	0	1	0	0	0	0	0	0	0	0	0	0	1	2	0	4	1	2	1	1
174	1	2	0	0	0	0	0	0	0	0	0	2	2	0	0	0	1	0	0	0
173	0	0	0	0	0	0	5	5	1	0	0	0	0	1	0	4	7	0	11	0
172	0	0	0	0	0	1	1	1	3	5	0	7	0	0	0	0	1	0	0	2
171	1	2	1	0	6	3	4	0	4	0	0	0	0	1	0	1	1	2	1	0
170	1	1	1	4	1	1	1	0	0	2	2	3	1	3	2	0	1	0	1	3
656	0	0	1	0	0	0	1	1	0	0	1	0	0	2	0	0	0	0	0	0
657	0	0	1	1	0	0	1	1	0	0	0	0	1	2	0	1	0	0	1	0
1501	11	0	0	0	0	1	3	0	11	2	6	4	0	2	0	0	0	4	1	1
1505	1	0	1	1	0	0	0	0	0	0	3	0	0	0	0	0	0	0	1	0
1149	0	2	0	0	2	1	2	4	1	2	0	0	1	0	0	0	0	2	0	4
693	9	2	5	11	6	5	9	4	3	6	0	1	4	4	1	6	7	9	10	7
690	1	1	3	0	0	2	1	0	0	0	2	1	2	2	0	0	0	0	0	0
696	1	1	1	0	0	0	2	0	1	0	0	0	0	0	0	1	3	1	2	1
695	0	0	0	0	2	0	0	0	0	1	0	1	1	0	0	0	0	0	0	0
547	0	1	2	1	1	1	0	0	0	0	1	0	1	0	0	0	2	1	0	0
548	0	5	1	0	0	0	0	1	0	0	0	1	1	1	1	0	0	0	0	0
416	0	0	0	2	0	0	0	0	0	1	0	0	1	4	0	1	0	0	1	1
419	1	0	1	0	0	0	0	0	3	0	0	0	0	0	0	1	1	3	0	0
368	0	0	0	0	0	0	0	0	0	1	0	0	0	0	0	2	0	1	3	1
369	0	0	0	0	0	0	0	0	0	0	0	0	0	0	0	0	2	0	3	1
366	0	0	0	0	1	2	0	0	0	0	0	1	0	0	0	0	1	0	1	0
367	0	1	0	0	0	0	0	0	4	0	0	1	0	0	0	0	1	0	0	0
364	0	0	1	0	2	0	0	0	0	0	0	0	1	1	2	0	0	0	0	0
365	0	0	0	0	1	0	0	0	0	0	2	0	0	0	0	0	1	0	1	0
363	1	1	0	0	0	0	0	2	0	0	0	1	0	1	0	0	0	0	0	1
360	0	1	1	1	2	0	0	0	0	1	0	1	0	0	1	0	0	0	0	1
361	0	0	0	0	1	0	3	0	0	1	2	0	0	0	0	1	0	1	0	1
384	0	1	1	0	3	0	0	0	2	0	1	0	0	0	0	0	0	0	0	0
386	1	0	0	0	0	0	0	0	0	0	0	0	0	0	1	0	0	3	1	0
387	1	0	4	0	2	0	0	0	0	0	0	0	0	1	0	1	1	0	0	0
388	1	0	0	0	11	0	0	0	0	0	0	0	0	0	0	0	0	0	0	0
389	1	0	1	0	0	0	0	1	0	0	1	3	0	0	0	0	1	0	0	0
258	1	1	0	1	3	1	0	1	1	2	0	0	0	0	2	2	0	3	1	1
259	0	1	0	1	1	1	0	0	0	0	0	1	1	0	1	0	0	0	0	0
252	1	0	4	6	5	3	0	9	2	3	0	2	4	2	3	3	4	5	2	5
253	0	0	0	0	0	0	0	0	0	0	1	0	2	0	1	0	0	0	1	2
250	0	0	0	0	1	0	0	0	0	1	0	0	1	0	0	2	0	2	0	2
251	0	0	0	1	0	0	1	0	2	0	0	1	4	0	1	1	1	1	0	0
256	4	0	1	0	0	0	0	2	1	0	0	1	0	0	1	0	0	1	1	1
257	0	0	2	3	0	2	1	2	1	1	3	1	0	1	2	2	1	0	1	0
254	3	0	0	0	0	0	1	1	0	0	2	1	1	0	0	0	0	0	2	0
255	0	0	0	0	0	0	0	0	0	0	0	0	1	0	12	0	3	0	5	0
168	12	0	0	0	4	0	1	1	0	0	0	0	0	0	0	0	0	8	0	0
169	0	0	1	1	0	4	6	0	0	1	1	0	1	0	0	0	0	0	1	1
164	2	2	1	3	4	1	1	2	1	2	1	0	1	1	3	3	2	1	0	0
166	0	0	1	1	1	8	3	0	3	2	3	23	0	0	0	1	0	1	1	0
167	0	1	0	0	0	1	0	1	0	1	0	0	1	0	0	2	0	0	0	0
160	0	1	1	1	2	0	1	2	1	1	0	0	1	0	2	0	0	1	0	1
161	0	0	0	0	0	2	0	0	1	1	0	0	2	0	0	0	0	0	0	1
162	1	1	0	0	1	0	4	3	2	2	1	0	0	1	1	1	1	1	1	0
163	0	6	5	0	6	1	0	2	1	0	1	4	0	0	1	5	0	2	2	1
671	3	3	1	2	2	1	0	2	4	2	2	6	5	3	2	1	3	2	0	3
809	0	0	1	1	1	1	0	0	1	1	0	0	1	3	0	2	0	1	1	0
808	0	1	0	0	0	0	3	0	0	0	0	0	0	0	0	1	0	1	0	1
802	0	0	1	0	0	1	2	0	1	1	0	1	1	2	3	1	2	1	0	0
805	0	0	0	0	0	1	0	1	0	0	0	0	0	0	0	4	0	0	0	0
1159	1	0	0	0	0	1	0	0	0	0	1	0	1	0	2	0	0	1	0	0
1150	0	1	0	0	1	1	2	0	0	0	0	0	0	0	0	0	0	1	0	0
59	8	8	0	0	0	0	2	0	1	1	7	1	0	0	1	0	0	0	0	0
58	2	0	1	2	2	2	2	0	1	1	0	3	4	1	3	3	1	1	1	0
55	2	4	4	3	4	1	13	9	12	5	2	12	8	1	11	12	3	9	1	7
54	6	6	3	0	7	4	7	7	14	9	26	9	0	1	2	2	5	7	5	3
57	8	0	0	4	0	3	10	4	0	8	21	25	0	0	0	0	0	0	1	0
56	0	3	0	1	4	1	3	2	1	2	2	2	0	1	8	0	2	2	0	3
51	15	7	14	5	10	2	4	18	5	13	9	3	16	1	8	12	5	9	6	8
50	3	0	3	1	3	3	1	8	5	1	17	6	0	3	2	3	0	3	5	8
53	1	1	0	1	1	0	1	6	1	0	20	1	1	8	0	2	19	5	11	4
52	21	4	0	0	0	0	0	0	58	5	1	0	0	0	0	0	2	15	0	0
533	5	4	14	11	9	6	7	8	5	13	4	4	3	7	9	3	4	3	2	3
531	0	2	1	2	2	1	1	2	2	1	2	2	0	0	1	0	0	0	1	0
530	0	0	0	0	0	0	2	0	0	1	1	0	0	2	0	0	0	0	3	0
429	0	0	0	0	0	0	2	0	1	2	0	1	2	1	0	0	0	0	0	0
428	1	0	0	0	0	0	2	0	0	1	0	0	0	1	1	0	0	1	1	1
1399	4	1	7	1	4	0	0	0	0	0	1	0	0	0	0	0	0	3	1	0
1397	0	2	3	0	0	0	0	0	0	0	0	0	3	0	0	0	0	0	0	0
1394	2	0	0	1	0	0	2	3	2	2	1	0	1	0	0	0	1	0	4	1
424	0	0	0	0	1	2	0	0	0	0	0	1	2	0	1	0	0	0	0	0
427	0	0	0	2	1	1	0	1	1	0	0	2	3	2	0	0	0	2	1	1
426	2	1	1	0	1	1	0	0	0	0	0	0	1	2	0	0	0	1	0	1
853	0	0	0	0	0	0	0	1	2	0	0	0	0	0	0	1	0	0	1	0
229	4	1	0	0	0	0	1	0	0	0	3	1	0	0	2	0	0	0	0	2
228	0	1	0	0	0	0	0	0	3	0	0	1	0	0	0	0	0	1	0	0
227	14	10	18	8	5	8	30	19	10	18	16	8	17	15	8	15	9	17	11	20
226	1	2	0	1	0	1	0	0	0	1	2	4	3	0	0	1	0	0	1	0
225	2	0	0	0	1	3	2	1	0	1	1	0	0	0	1	0	0	0	1	4
224	0	0	0	0	1	0	0	0	0	0	0	0	1	1	0	0	0	0	4	0
223	0	0	1	0	0	0	0	3	0	1	0	1	0	0	0	1	0	0	0	0
222	4	0	0	0	3	0	0	3	2	0	0	0	0	0	0	1	1	4	0	0
220	0	1	2	3	3	0	0	0	0	0	0	0	1	0	3	1	1	0	0	1
151	0	0	0	0	1	1	0	1	0	1	16	6	0	0	0	0	1	3	0	3
153	1	0	0	0	0	0	0	2	0	0	0	0	0	0	0	0	1	0	2	0
152	0	0	2	0	0	0	6	0	0	0	1	1	3	0	0	0	0	0	1	2
155	0	0	2	2	1	0	2	2	0	0	0	0	0	0	0	0	0	1	0	0
154	1	0	2	1	0	0	1	3	5	1	0	0	2	0	3	3	2	1	1	2
157	1	0	0	2	0	2	3	0	1	1	0	0	1	0	0	1	0	3	1	2
156	5	0	0	0	1	10	0	0	1	1	7	0	0	0	1	0	9	0	1	3
159	3	0	0	0	0	0	0	1	1	0	0	0	0	0	0	1	2	1	0	0
158	6	17	10	19	11	9	9	20	9	23	3	10	9	9	17	14	6	5	13	3
1256	0	0	0	0	0	0	0	0	1	1	0	0	0	0	0	2	1	0	0	1
1526	0	0	1	0	0	0	1	1	0	1	0	2	0	0	0	0	0	0	0	0
0	238	268	152	265	227	311	190	285	222	226	155	144	236	235	187	254	305	252	260	332
810	15	8	19	23	15	29	15	13	10	14	12	10	11	10	7	13	29	14	13	9
812	0	0	1	0	0	0	1	3	0	1	0	0	0	0	0	0	1	1	1	0
815	4	4	3	5	0	1	2	0	2	7	0	1	3	0	2	5	5	1	6	0
816	2	1	1	1	0	1	2	1	3	0	4	1	2	3	1	1	1	1	0	2
1250	0	0	1	0	0	0	1	0	0	1	0	0	0	0	0	0	0	2	1	1
1490	0	0	0	0	0	1	1	0	0	2	1	0	0	0	0	1	1	0	8	5
1491	0	1	0	1	0	1	4	1	2	2	4	3	3	1	5	0	0	0	1	4
1493	1	2	2	3	0	1	1	2	3	2	1	5	1	1	1	3	1	1	2	0
1494	0	0	0	0	2	3	1	4	1	2	1	1	18	8	0	1	0	0	0	3
1495	3	5	3	1	3	6	6	8	5	12	2	4	3	4	5	8	0	2	4	9
1496	2	5	2	2	4	2	2	5	3	5	5	6	4	1	1	3	3	6	2	4
1497	3	0	1	3	3	0	2	2	0	0	3	3	3	1	2	2	1	2	0	4
1498	1	2	2	3	2	2	1	3	1	1	1	2	0	0	1	9	2	3	2	4
1499	0	0	0	1	0	0	0	1	1	0	0	0	1	0	2	0	0	1	0	0
1129	1	0	0	0	0	0	2	0	0	0	0	2	0	0	0	0	0	0	0	0
525	0	0	1	0	0	0	1	0	0	0	1	0	0	1	0	0	0	1	0	0
526	0	0	0	1	1	0	0	0	1	0	0	1	0	3	0	0	0	0	0	0
527	0	0	0	1	0	0	1	0	0	0	2	0	1	1	1	0	1	0	0	1
520	0	0	0	0	1	0	0	0	0	0	0	1	2	1	0	1	1	0	0	1
521	0	0	0	0	1	0	1	0	0	0	0	2	0	0	0	0	0	1	0	0
523	2	0	0	0	1	0	0	0	0	1	2	0	0	0	0	1	0	0	0	0
1017	1	0	1	1	0	0	1	0	0	0	0	0	0	0	0	0	0	0	0	1
528	0	0	0	1	1	0	0	0	1	1	0	0	1	0	0	0	0	0	1	0
529	0	2	2	0	1	0	0	0	0	0	0	0	0	0	0	0	0	0	0	0
1013	0	0	0	0	0	0	1	2	0	0	0	0	1	1	0	0	2	1	0	3
1234	0	0	0	1	2	0	0	0	0	1	0	3	0	0	0	0	0	0	0	0
1236	0	0	0	0	2	0	1	3	0	0	0	0	0	0	0	0	1	0	0	1
1237	0	0	0	0	0	0	6	1	0	0	9	3	0	0	0	4	6	0	9	4
1230	2	4	4	0	3	11	5	2	8	1	25	4	2	0	5	1	6	0	1	3
1232	1	1	0	0	2	0	0	1	0	0	1	0	1	2	0	1	0	0	1	3
439	0	0	0	1	0	0	1	0	2	0	0	0	0	1	1	0	0	0	1	1
437	1	0	0	0	0	0	0	3	0	0	0	1	0	0	0	0	0	0	0	0
435	0	0	0	1	0	0	1	0	0	0	0	0	1	0	0	0	0	0	1	1
433	0	0	1	1	2	0	0	1	0	1	1	0	0	2	0	0	0	0	1	0
430	0	0	0	1	0	0	0	1	0	0	1	0	0	1	0	2	0	1	0	0
431	0	0	0	0	0	0	1	0	2	0	0	0	0	0	0	0	0	0	2	1
238	0	0	3	0	2	0	0	0	0	0	3	0	0	0	1	1	0	0	0	0
239	0	1	3	0	1	0	0	1	2	1	2	1	0	0	1	2	0	0	1	1
234	0	0	0	0	0	0	3	0	0	1	3	2	0	0	0	0	1	2	2	0
235	1	1	2	0	1	0	1	0	0	0	1	1	0	0	1	0	0	0	2	0
236	0	0	0	1	0	0	0	1	0	1	0	0	2	0	0	1	0	0	0	0
237	3	3	5	5	1	6	2	5	1	0	6	1	2	4	7	0	4	2	5	3
230	0	0	0	0	1	0	0	0	0	0	5	2	0	0	0	0	2	0	3	0
231	0	2	1	1	1	0	2	2	1	1	0	3	1	2	0	2	0	1	0	0
232	0	0	0	2	1	2	0	1	0	0	0	1	1	1	2	2	0	1	2	0
233	2	0	1	3	2	2	1	1	1	5	1	0	3	6	0	0	4	1	2	6
1	102	132	96	80	117	67	86	93	137	110	80	67	121	65	82	154	104	162	77	87
147	1	3	1	0	1	0	0	0	3	1	2	0	1	3	1	4	3	3	0	0
144	0	0	0	0	0	1	1	0	0	1	0	2	0	0	0	1	0	3	4	4
145	0	0	0	0	0	0	0	0	0	0	0	0	2	5	2	5	10	0	19	1
142	1	1	0	0	0	1	5	0	4	4	2	0	1	2	3	0	2	0	3	1
143	1	0	0	0	4	0	0	0	1	0	5	0	0	0	0	1	1	0	2	0
141	0	7	0	0	4	0	0	0	0	0	0	0	4	0	2	1	4	0	2	2
148	1	0	5	11	1	4	1	2	1	3	3	1	2	5	5	2	2	3	3	3
149	1	1	3	1	0	0	4	2	2	1	2	0	3	3	2	0	0	1	0	1
939	4	3	0	1	4	2	4	8	6	3	2	0	4	1	0	2	2	2	2	3
933	0	0	0	0	0	0	2	2	1	1	0	0	0	0	0	1	0	1	0	0
931	6	6	6	23	8	0	0	0	0	13	0	3	8	9	10	0	1	2	6	10
937	0	1	1	0	1	0	1	3	1	1	2	3	1	0	3	2	0	4	0	0
934	0	0	0	27	3	0	0	0	0	0	0	0	0	0	0	0	0	0	0	0
827	8	16	6	8	13	10	12	13	19	11	7	8	10	6	7	13	12	14	4	11
1481	1	0	2	2	1	1	2	1	0	2	0	0	2	1	0	0	1	1	0	4
1487	0	0	0	0	0	0	0	1	0	1	5	0	0	0	0	0	0	0	0	0
1486	3	0	1	0	0	0	2	2	0	2	0	1	2	1	0	0	1	0	0	1
1485	0	0	0	0	0	0	0	0	1	1	1	2	0	0	0	0	0	0	0	0
797	1	0	0	1	3	0	0	2	0	0	0	0	2	2	1	0	0	0	1	0
793	1	0	0	0	2	0	0	0	0	0	0	0	0	1	0	1	0	0	0	0
791	1	1	1	0	1	0	0	0	0	0	0	0	1	0	0	0	1	0	0	0
799	3	2	2	7	3	3	2	10	3	2	3	5	6	3	1	2	2	3	1	4
613	2	1	1	0	0	0	0	0	0	1	0	0	0	0	0	0	0	0	0	1
1131	0	0	0	0	2	0	1	0	0	2	0	2	0	0	0	1	0	0	2	2
1130	1	1	0	1	0	0	0	0	0	0	0	0	1	3	0	1	0	0	0	0
1137	0	1	0	1	1	0	0	0	0	1	0	0	1	1	0	0	0	0	2	3
519	0	0	0	0	1	1	0	1	1	1	0	0	0	0	1	0	0	0	0	0
518	1	0	2	1	0	0	0	0	0	0	0	1	3	0	0	0	0	0	0	0
1008	0	0	0	0	0	0	0	0	1	0	1	1	0	0	1	2	0	0	0	0
1006	0	0	0	1	0	1	1	1	0	1	0	0	1	1	0	0	0	0	0	1
513	42	23	18	12	16	12	120	71	39	69	62	13	16	47	19	35	32	19	50	72
1000	2	0	0	0	0	0	0	0	0	0	1	2	0	0	0	1	1	0	0	0
1226	2	2	2	2	3	2	3	1	0	2	3	4	0	0	2	0	0	0	1	0
620	2	0	1	0	0	1	0	0	0	1	1	0	0	0	1	0	0	0	0	0
626	0	0	0	0	1	0	0	0	0	0	1	0	1	0	1	0	0	1	0	0
625	0	1	1	0	0	0	0	1	0	0	0	0	1	1	0	1	0	0	0	0
628	0	0	1	3	0	1	1	0	1	0	1	2	0	1	1	0	1	0	0	0
1228	0	0	1	0	1	0	2	2	0	1	0	1	3	1	0	0	0	0	0	0
2	63	247	170	115	57	51	161	92	237	97	120	159	110	131	145	122	135	136	27	61
11	48	45	42	72	52	72	29	131	24	87	27	31	108	119	71	17	59	32	49	107
10	5	0	3	2	4	11	10	59	12	15	8	8	96	26	3	7	7	1	16	36
13	10	36	29	14	21	24	19	30	21	30	33	65	37	9	23	42	20	35	5	46
12	42	54	78	49	79	44	36	37	53	45	76	130	17	11	66	45	52	106	15	19
15	4	11	15	31	20	9	4	27	5	11	8	27	27	33	30	14	4	2	31	5
14	25	24	18	3	18	21	15	25	54	7	15	20	26	6	23	15	25	38	4	23
17	36	21	23	58	24	23	48	58	43	49	20	42	35	27	24	31	24	22	25	43
16	19	20	19	18	21	14	7	51	23	18	9	10	34	1	19	22	20	20	7	39
19	8	4	2	5	4	2	11	7	5	2	3	2	6	11	5	6	5	3	4	2
18	6	4	3	1	1	2	16	13	6	11	9	4	4	2	4	5	7	0	6	12
200	1	0	0	0	0	0	1	2	0	0	0	0	4	0	1	1	2	0	0	1
202	0	1	2	0	0	0	0	0	0	3	2	0	0	0	0	0	1	0	0	2
205	1	1	0	2	0	0	0	0	1	0	1	0	2	2	0	1	0	0	0	0
204	0	0	2	0	1	0	0	0	0	0	1	0	0	0	0	0	1	0	3	0
207	0	0	2	0	1	1	1	0	4	0	0	1	0	0	0	1	0	0	0	0
206	0	0	0	1	0	1	1	0	0	0	0	0	0	1	1	0	0	0	0	0
209	0	1	1	4	3	0	0	4	2	4	2	2	2	0	3	2	0	0	2	2
208	0	0	0	1	1	0	0	0	0	1	0	0	0	3	0	0	0	0	0	1
920	2	0	1	1	0	0	0	1	0	0	1	1	0	0	2	0	0	1	0	2
921	7	4	5	7	8	8	5	4	6	16	5	7	0	4	14	10	7	8	9	10
922	0	0	0	0	0	0	1	0	0	0	3	1	0	0	0	0	0	0	1	0
924	0	2	0	0	1	0	1	0	0	4	1	0	1	0	1	0	0	5	0	0
830	0	0	0	1	1	0	1	0	0	0	2	0	0	0	0	0	0	0	0	0
836	0	0	0	0	0	0	0	0	0	0	0	1	1	0	1	1	1	0	0	0
837	1	1	0	0	0	0	0	0	0	0	4	2	2	0	2	0	1	0	2	1
3	172	173	112	345	84	84	123	53	78	160	14	29	96	70	64	177	139	118	288	173
785	0	0	0	0	1	0	0	0	0	0	1	0	0	0	0	1	1	0	0	1
781	1	0	1	0	2	1	0	0	0	0	0	0	0	0	2	1	0	0	1	1
783	0	1	0	1	0	0	1	0	0	0	0	1	0	1	0	0	0	0	0	0
789	0	0	0	0	0	0	1	0	0	0	0	1	0	2	0	1	0	0	0	0
60	3	9	3	1	4	6	1	0	1	7	15	42	0	0	2	31	1	2	1	0
62	3	10	3	1	13	15	2	5	1	9	20	64	0	0	0	0	0	13	0	0
63	5	5	4	3	13	4	5	3	3	2	4	6	4	2	4	7	2	2	1	4
64	0	2	0	1	0	0	1	1	1	2	3	5	0	0	4	5	6	0	9	4
65	1	2	2	0	2	4	1	2	1	1	6	0	0	1	1	0	0	1	1	4
66	156	200	123	110	174	96	93	169	216	167	116	119	173	100	121	243	164	294	126	143
67	5	0	2	0	1	2	0	3	0	0	0	0	0	0	1	0	0	2	2	0
68	2	1	1	0	23	2	1	0	0	2	7	3	0	0	0	7	9	4	18	13
69	7	11	4	2	1	4	1	8	4	1	5	10	0	1	1	2	20	10	21	11
1371	0	1	1	0	0	0	0	2	0	0	1	1	1	1	0	0	0	0	1	0
1370	11	56	35	27	10	6	30	18	51	27	36	37	27	26	34	27	27	29	8	7
405	0	0	1	2	1	0	0	1	0	0	0	0	0	4	0	0	1	0	0	0
404	0	0	1	3	1	0	3	3	1	1	0	0	0	3	6	0	0	0	2	0
509	2	6	1	4	2	0	5	14	2	4	2	3	3	3	0	6	1	2	2	3
507	0	1	1	0	0	2	0	0	1	0	3	2	0	0	0	0	1	2	3	1
504	0	0	5	1	2	1	0	1	2	1	1	1	0	2	0	2	0	0	2	0
502	0	0	1	0	0	0	1	0	0	0	3	0	0	0	0	0	1	0	0	0
500	0	1	0	0	0	0	0	0	1	0	0	0	2	1	0	0	0	3	1	0
402	0	0	0	2	0	0	0	2	0	0	1	0	0	1	0	0	1	0	0	0
1212	0	0	0	1	1	0	1	0	0	0	0	1	0	0	0	1	0	1	0	0
636	0	0	0	0	0	2	1	0	1	1	3	1	2	0	0	1	0	0	0	0
637	0	13	1	0	0	0	0	0	0	0	1	0	0	0	0	0	0	0	0	0
638	0	0	0	0	0	0	0	0	0	0	0	0	1	0	1	1	1	1	0	0
639	0	0	0	0	0	0	0	0	0	0	0	1	0	0	0	1	0	0	0	4
1218	0	1	0	0	0	0	0	0	0	0	0	1	0	0	4	0	0	0	0	0
1457	1	1	2	0	3	0	2	4	1	1	1	0	2	1	2	2	1	0	4	1
1452	26	24	14	30	18	37	11	22	20	22	20	10	20	22	14	31	39	13	26	28
1458	5	5	7	0	2	1	2	0	3	0	0	2	0	3	1	0	0	1	1	0
216	0	0	0	2	1	0	0	0	0	1	0	3	0	1	0	0	0	1	0	0
217	8	5	0	0	0	0	0	0	0	0	0	3	0	0	0	0	0	8	0	0
215	0	0	0	0	0	0	1	1	0	0	1	0	0	0	0	0	3	0	5	1
212	2	0	2	3	1	2	1	2	1	1	0	0	3	4	1	1	2	0	0	5
213	0	1	1	2	0	1	1	1	1	0	2	0	2	0	0	0	0	0	0	1
210	0	3	0	0	2	0	0	0	0	0	0	0	0	0	0	0	0	2	0	0
211	1	0	0	0	0	1	0	2	1	0	0	3	0	1	1	0	1	0	0	3
218	7	0	0	0	7	0	0	0	0	0	0	0	0	0	0	0	0	0	0	0
219	1	0	0	2	0	2	1	2	3	0	0	0	3	2	1	1	1	2	0	1
4	7	15	2	5	6	5	4	8	4	6	3	4	2	1	5	1	1	17	1	3
919	1	1	0	1	2	1	3	1	1	1	0	0	0	0	0	0	1	1	0	0
918	1	10	7	0	0	0	0	1	0	0	1	2	0	1	7	1	0	0	0	0
915	2	1	1	0	2	0	2	1	1	1	2	2	0	0	3	4	2	4	1	2
914	2	0	3	2	1	2	1	1	1	0	0	3	1	0	0	1	0	1	1	0
913	2	1	0	5	2	1	2	2	1	1	1	1	2	4	1	2	2	0	5	4
662	0	0	0	0	1	0	1	1	0	0	1	0	0	0	0	0	3	0	4	1
750	1	0	4	0	1	1	0	0	0	1	1	0	1	0	1	0	0	0	0	1
755	1	1	0	0	1	0	0	1	0	1	0	1	0	2	0	2	0	0	1	0
759	1	4	6	10	5	11	15	13	0	16	3	4	9	5	11	10	5	6	7	13
758	1	0	0	4	1	0	1	3	1	1	0	1	0	0	1	0	0	0	1	1
1025	2	2	3	0	3	2	1	3	2	1	0	1	1	1	3	1	0	0	1	0
606	5	2	2	17	8	8	1	11	1	9	4	5	6	7	5	4	3	0	3	4
602	3	5	6	7	6	5	5	2	1	7	3	1	2	1	1	2	1	4	3	0
1206	1	4	1	1	1	0	2	2	1	1	1	3	0	1	1	3	3	1	1	0
609	0	0	1	4	1	0	0	0	0	0	0	0	0	0	0	0	0	0	0	0
1200	1	0	0	1	1	1	0	0	1	0	0	0	1	0	0	0	0	0	1	1
634	1	0	0	0	0	0	0	1	0	0	0	0	2	0	0	1	0	0	1	0
1214	1	3	0	0	1	1	3	2	1	2	1	0	0	1	1	1	1	0	1	0
1215	0	0	0	0	0	0	1	0	0	0	0	0	1	0	0	1	2	0	0	0
1445	2	1	4	0	4	5	3	4	8	3	5	5	3	2	4	3	8	10	0	1
1449	0	0	0	0	0	0	1	1	0	1	0	2	0	0	0	1	1	0	2	0
1448	3	0	0	2	2	3	4	0	1	0	1	0	1	1	2	1	0	1	0	1
488	0	0	0	1	2	0	0	0	1	0	0	1	0	1	0	0	0	0	0	0
487	0	1	1	0	0	0	0	1	0	0	0	0	1	0	1	2	1	0	0	1
486	2	0	0	0	1	0	0	0	0	0	0	0	2	0	0	0	0	0	0	0
451	2	1	0	0	0	1	0	1	0	0	3	0	1	0	1	0	0	0	0	0
199	1	0	0	1	0	1	0	0	0	0	0	0	0	0	0	1	2	0	0	2
198	3	5	3	1	4	3	1	1	15	3	2	6	4	0	1	1	7	9	1	4
195	1	0	0	0	1	1	0	0	0	0	0	1	0	0	0	1	2	0	0	6
194	0	0	2	0	0	4	2	0	2	1	10	1	0	0	0	2	2	0	2	4
197	0	0	0	0	1	0	0	0	0	0	1	0	0	0	0	1	2	0	1	0
191	0	1	2	0	1	3	1	1	5	1	3	0	2	2	0	4	2	1	5	2
190	1	1	0	0	0	5	0	3	2	0	0	0	4	0	1	0	2	4	0	1
193	2	3	5	6	7	3	4	3	2	1	6	2	4	2	2	2	2	1	4	2
192	0	0	0	0	0	0	0	0	0	0	0	0	1	0	4	2	6	0	2	0
901	0	1	0	0	2	2	0	0	0	0	0	0	0	1	0	0	0	0	1	0
906	2	0	0	0	0	0	1	3	0	1	2	0	0	0	0	0	3	0	10	4
908	0	0	1	0	0	1	2	1	1	0	0	0	0	0	0	0	1	1	0	0
852	0	1	0	0	0	1	1	0	1	1	0	0	2	3	1	0	1	0	1	0
6	9	13	10	10	13	3	7	11	5	7	7	11	10	8	10	6	5	5	7	2
741	2	10	7	2	6	1	0	0	0	0	0	4	0	0	1	0	0	3	2	1
745	0	0	0	3	0	2	1	1	0	0	0	0	1	0	6	0	0	0	2	0
746	30	11	0	0	0	0	0	0	0	0	12	1	0	0	0	0	0	1	0	0
749	1	0	0	2	0	1	0	2	0	0	0	0	0	1	0	0	0	0	0	0
617	3	0	1	1	3	0	3	10	2	2	3	0	1	4	2	3	0	0	0	4
1271	1	3	1	2	2	2	2	3	0	0	3	2	1	2	4	1	0	1	5	1
1272	1	2	1	2	1	1	0	0	0	1	0	1	2	1	1	1	0	1	0	1
614	0	0	1	0	0	0	0	1	0	1	0	0	0	0	1	0	0	2	0	0
615	0	3	2	0	0	0	0	1	0	0	0	1	0	0	3	0	0	0	2	0
1473	0	11	0	0	0	51	0	0	0	0	0	0	2	0	2	0	1	0	0	0
1471	0	1	0	0	1	0	2	0	0	1	2	1	0	0	0	1	0	0	0	0
1474	1	0	0	1	0	2	2	1	0	0	1	0	1	0	0	0	0	0	1	2
1304	0	1	1	0	1	1	0	0	0	2	0	0	0	0	0	0	0	0	0	0
1305	0	1	1	1	0	1	1	0	0	1	1	1	0	0	2	0	1	0	0	0
1306	0	0	0	1	0	0	0	1	0	1	1	0	0	0	0	0	0	1	0	1
1307	3	3	3	1	4	2	4	2	0	2	2	1	11	1	6	1	2	10	1	1
1300	0	2	1	1	0	0	0	0	0	1	0	0	0	0	0	0	0	2	0	0
1301	0	1	2	2	0	1	1	1	0	0	0	0	0	0	1	1	0	0	1	0
1308	3	3	2	4	4	1	3	1	1	3	0	0	1	1	0	6	4	0	6	5
1309	10	5	17	13	8	8	7	4	6	9	12	10	4	8	5	7	4	5	2	5
494	7	23	17	8	6	0	14	8	23	8	14	24	13	15	19	12	16	24	3	8
495	1	0	0	0	0	0	0	0	1	0	5	0	0	0	0	0	0	0	3	1
497	0	0	0	1	0	2	0	2	0	1	1	0	1	1	0	1	0	0	0	2
493	0	0	0	0	0	3	0	0	0	0	2	0	0	0	0	0	1	0	0	0
24	27	31	30	52	47	32	37	33	39	29	25	56	46	32	39	23	35	27	35	24
25	16	7	9	53	15	0	0	0	0	31	0	7	11	20	23	1	6	10	10	21
26	22	4	5	15	7	7	24	22	10	12	13	13	32	80	13	17	16	18	29	20
27	4	1	0	1	0	0	8	10	0	7	33	22	0	2	0	14	16	0	99	31
20	12	11	13	7	5	10	37	69	20	10	12	11	22	12	7	12	15	16	11	18
21	36	24	13	11	29	19	15	50	30	29	20	20	11	12	41	53	24	29	23	30
22	7	6	6	2	8	29	2	4	5	2	44	2	13	4	3	1	1	8	29	12
23	3	5	4	10	1	4	6	7	3	8	1	4	4	2	4	7	5	1	0	6
28	6	24	15	36	9	36	17	18	17	35	17	20	4	16	10	23	10	5	52	4
29	52	52	204	2	50	14	3	8	7	8	8	4	12	9	10	17	15	25	5	11
7	27	31	68	79	16	56	50	61	37	77	49	44	69	62	70	42	52	42	81	51
592	1	0	0	0	0	1	0	0	2	2	2	3	0	0	0	0	0	0	0	0
977	0	1	1	0	1	1	0	0	0	0	1	1	0	0	0	0	0	0	0	0
971	0	0	1	0	3	1	0	0	1	0	0	1	0	0	3	1	0	1	0	0
182	0	0	0	0	0	0	1	0	0	0	11	6	0	0	0	0	0	0	0	0
183	0	0	0	0	2	0	0	1	0	0	1	1	0	0	0	0	0	0	0	0
180	2	0	2	3	0	1	1	3	0	3	0	1	0	1	0	0	0	0	0	2
181	3	3	0	1	0	1	2	2	0	5	1	4	0	1	3	0	2	2	0	0
186	0	5	11	0	1	1	0	0	0	0	5	0	0	1	0	0	1	0	0	0
187	1	0	2	1	0	2	0	0	0	0	1	2	0	1	0	1	1	0	1	0
184	0	0	0	0	0	0	0	0	0	0	0	0	2	0	3	0	2	1	0	0
185	1	0	0	0	1	0	0	1	0	0	4	0	0	0	0	1	2	1	1	2
189	0	1	0	0	0	2	0	0	0	1	1	2	1	0	2	1	2	0	0	0
861	0	1	0	0	0	0	1	0	1	2	1	0	1	0	0	0	1	1	2	1
864	0	0	0	0	1	0	0	0	0	2	0	0	0	1	0	1	0	0	0	0
882	0	0	0	0	0	1	1	1	0	1	0	1	1	1	0	0	0	0	0	1
889	0	0	0	0	1	0	1	2	0	1	0	0	0	2	0	0	0	0	0	0
779	0	0	0	0	0	0	0	0	1	1	2	1	0	0	0	0	0	0	0	0
77	3	0	0	1	1	1	1	2	0	11	1	0	8	1	2	0	2	1	0	0
76	0	2	1	2	1	0	1	1	2	0	0	0	2	1	0	2	2	2	2	1
75	0	0	0	0	1	4	1	0	0	3	2	1	0	0	1	0	3	0	14	0
74	5	4	7	0	0	2	5	1	3	2	3	5	1	0	0	1	5	2	1	1
73	14	2	1	0	0	0	0	0	0	0	0	0	0	0	0	0	0	16	0	0
72	2	1	2	0	0	0	0	1	0	0	0	4	0	0	0	2	1	0	1	0
71	1	0	1	0	1	0	2	3	0	0	0	0	0	0	3	4	2	0	4	1
70	1	0	0	0	3	0	5	1	2	0	3	4	1	1	0	0	3	0	4	0
79	0	0	0	1	1	0	0	1	1	1	10	2	0	0	1	1	3	0	1	3
78	0	0	1	0	0	0	0	0	0	2	8	1	0	1	0	2	6	1	9	4
1269	1	0	0	0	0	0	0	1	1	1	0	0	1	0	0	0	0	0	0	0
1268	0	0	0	0	1	0	1	0	0	0	0	1	0	0	0	1	0	1	0	0
669	1	0	0	2	0	0	0	0	0	2	1	0	0	1	0	1	0	0	0	0
668	0	0	1	1	1	0	1	0	1	0	1	0	0	0	1	1	0	0	0	0
1262	2	3	4	1	1	7	3	2	9	4	1	5	1	0	0	1	0	3	0	0
665	0	1	0	3	0	0	1	0	1	1	1	1	1	0	1	3	2	0	0	2
661	1	0	1	0	0	0	0	0	0	0	0	0	0	0	1	0	0	1	0	2
660	0	0	1	0	0	1	0	0	0	0	0	0	1	0	1	0	0	0	1	0
1464	0	0	0	0	2	1	0	0	1	0	0	1	1	0	0	1	0	0	1	0
1467	1	3	2	5	2	7	0	2	6	2	0	3	1	1	1	0	1	1	5	0
1466	0	0	1	0	5	0	0	0	0	0	4	0	0	0	0	1	5	0	1	4
1461	5	1	3	0	2	3	2	4	3	3	2	3	4	1	1	5	2	1	7	2
1315	0	0	0	2	0	0	0	2	0	1	2	2	2	1	2	1	0	0	0	0
1313	0	0	0	1	0	0	2	0	1	0	0	0	0	0	0	1	0	2	0	0
1311	0	1	0	2	1	0	0	0	1	1	0	1	0	0	1	0	1	1	0	0
1310	6	4	1	0	5	6	3	2	8	2	2	6	1	1	1	0	1	5	0	2
318	0	0	0	0	2	1	1	2	0	0	0	1	0	0	0	0	0	0	0	0
313	0	0	1	1	0	0	0	0	0	0	0	1	1	2	0	3	1	1	0	1
312	0	0	0	0	1	0	0	0	0	0	0	0	0	0	0	3	4	0	3	0
311	2	0	0	1	0	0	1	0	0	1	3	0	1	0	0	0	0	0	0	0
310	1	2	1	3	2	2	0	2	0	4	3	2	4	3	2	0	2	0	3	2
315	0	0	0	0	5	0	0	0	0	0	0	0	0	0	0	0	0	0	0	0
1521	13	17	15	12	15	18	8	8	20	18	13	30	4	3	18	8	8	20	3	6
965	0	0	0	0	0	0	1	1	0	0	0	0	0	0	1	0	1	1	0	0
962	0	1	0	0	0	0	0	0	1	1	2	0	0	0	0	0	0	0	0	1
963	0	0	0	1	0	2	3	0	2	0	0	1	1	0	1	1	3	3	0	0
878	0	0	0	0	0	0	3	1	0	0	0	0	0	0	0	0	1	0	0	1
875	0	0	1	0	0	0	0	0	0	0	0	0	2	2	0	0	0	0	0	0
597	0	0	0	0	0	0	0	2	0	0	1	0	0	0	0	1	0	2	5	0
9	10	4	4	7	10	13	30	20	17	32	11	10	23	18	16	16	12	13	15	17
893	0	0	1	0	0	0	1	0	0	0	0	1	1	1	1	1	0	0	0	0
897	0	0	0	0	0	0	0	0	0	0	0	0	0	0	3	0	0	0	1	1
1249	6	1	0	4	2	4	9	6	3	3	2	5	2	4	1	0	2	2	5	2
769	0	0	2	0	1	0	0	0	0	1	0	0	1	1	0	0	0	0	0	0
766	1	0	0	0	0	0	0	0	0	2	0	0	0	1	1	0	0	0	0	0
765	0	1	0	0	0	0	1	0	0	0	0	1	0	1	1	0	0	0	0	1
1078	1	0	1	0	0	0	1	0	0	0	0	2	1	0	0	0	0	0	0	0
1074	1	2	12	1	4	0	0	1	1	0	1	0	0	0	1	0	2	0	0	0
676	12	9	1	3	10	8	6	13	10	16	9	6	4	2	11	22	12	11	8	6
672	1	0	0	0	0	0	0	0	1	1	4	0	0	1	0	1	0	1	1	1
673	0	1	1	0	0	0	0	0	0	1	0	0	0	0	0	0	1	1	0	0
1414	0	0	0	0	0	1	2	1	0	0	0	0	0	0	3	1	0	1	0	2
1322	0	0	0	0	0	1	0	2	0	1	0	0	3	0	1	0	0	0	1	1
1323	2	6	7	16	14	7	7	18	1	2	4	11	18	13	17	4	4	2	4	4
1324	1	2	1	2	0	0	1	2	3	1	2	1	4	2	1	4	0	7	1	1
1328	0	1	3	2	0	5	5	3	0	1	3	6	3	2	3	2	0	2	3	1
5	60	82	74	45	98	50	62	42	27	77	72	58	34	55	36	87	32	35	20	29
1524	1	1	1	2	2	2	0	1	0	0	1	1	0	2	1	0	0	0	0	0
1525	10	15	2	7	9	12	11	8	16	9	17	21	9	1	10	10	5	7	1	8
1254	1	1	2	3	0	2	1	0	0	2	0	1	1	0	0	0	0	0	0	0
1252	0	2	1	3	1	1	0	0	2	0	2	3	0	1	1	1	0	0	0	0
1253	0	1	3	2	1	0	0	3	1	4	4	2	0	0	0	2	2	3	5	0
1528	3	2	1	3	2	4	2	1	3	1	2	1	2	3	3	1	1	1	3	7
308	2	1	0	0	0	0	1	0	3	4	0	1	0	0	0	0	0	1	0	1
309	1	0	1	0	2	0	0	0	0	0	4	0	0	0	0	0	0	1	0	0
300	0	1	2	2	1	0	3	2	0	1	0	0	0	1	1	1	1	0	1	0
301	0	0	0	0	0	0	1	0	0	2	0	0	0	0	0	0	0	0	2	0
302	2	0	0	0	2	1	0	0	0	0	2	0	0	0	0	1	0	0	2	0
303	0	0	0	0	0	0	0	0	0	0	2	0	0	0	1	0	0	0	1	2
305	12	4	5	13	3	11	15	18	7	19	7	7	9	10	10	19	7	4	9	30
306	0	0	2	0	0	0	0	0	0	0	0	0	2	3	3	0	0	0	0	0
476	2	1	0	3	0	0	0	2	2	0	1	1	0	1	0	0	0	0	2	0
950	1	0	5	10	0	5	1	3	4	3	1	0	2	2	2	4	2	0	4	3
956	0	0	0	1	0	0	2	1	0	0	7	2	1	5	0	0	13	2	8	2
666	0	1	1	1	0	1	0	0	0	1	0	0	1	0	0	0	0	0	0	0
1261	2	1	0	0	0	0	2	0	0	0	0	0	0	0	0	0	0	0	0	1
717	0	1	0	0	0	0	2	0	0	0	1	0	0	0	1	1	0	1	0	0
663	1	0	0	0	1	0	0	0	1	1	0	0	0	1	0	0	0	0	0	0
710	1	0	1	0	0	0	0	1	0	0	0	1	0	2	0	1	1	0	0	1
1264	0	0	0	0	1	0	0	0	0	2	1	0	0	0	0	0	0	0	5	0
1084	3	3	3	7	7	8	3	7	2	3	2	3	6	1	5	10	3	2	4	3
594	0	1	0	1	0	0	1	0	0	0	0	0	1	0	1	0	0	0	0	0
599	0	0	0	1	0	0	0	0	0	0	0	1	1	0	2	0	0	0	0	0
598	0	0	0	0	0	1	0	2	0	0	0	0	0	1	0	1	0	0	1	0
449	0	2	1	2	4	1	2	3	0	4	2	1	2	0	0	0	0	1	1	1
448	0	2	1	0	1	0	1	1	0	0	1	1	0	1	1	0	0	1	0	0
443	0	0	0	2	0	1	2	3	1	0	1	0	1	1	0	3	0	0	1	0
1336	0	2	0	2	0	1	1	1	0	0	1	0	1	1	0	0	2	1	1	0
1331	0	1	1	4	0	2	0	0	3	1	0	2	3	2	2	2	0	0	3	1
446	1	5	2	5	0	0	2	0	4	0	2	4	1	1	2	2	4	2	1	1
445	0	0	0	0	2	0	1	1	4	0	1	1	0	0	0	0	0	1	0	0
444	1	0	3	0	0	0	0	0	0	0	0	0	0	0	0	0	0	3	0	0
39	10	3	2	2	6	17	14	4	2	6	4	8	0	1	0	2	14	9	5	1
38	1	0	0	0	6	1	0	3	11	0	3	7	0	0	0	2	15	3	170	20
33	1	0	3	2	1	1	6	1	4	1	2	3	2	0	1	2	0	0	0	1
32	4	33	8	2	19	13	1	31	3	22	18	0	0	0	1	6	49	33	1	2
31	9	8	4	21	13	7	24	37	14	18	5	5	28	29	4	6	12	7	18	26
30	17	21	9	23	8	21	54	31	21	17	17	26	3	19	15	14	12	12	3	28
37	4	13	3	4	6	9	16	15	20	12	3	6	14	12	14	11	6	5	3	9
36	0	3	1	1	2	7	2	2	1	3	0	0	1	0	0	0	1	0	0	0
35	2	58	69	0	2	0	1	8	0	4	4	9	10	7	21	5	2	1	1	0
34	1	15	12	5	0	4	9	9	6	16	2	15	9	6	8	7	11	6	10	11
645	0	0	0	1	1	0	0	0	1	1	1	0	0	0	0	3	0	0	0	0
649	0	0	0	0	0	1	2	2	0	0	1	0	0	0	0	1	0	0	0	0
1248	39	42	49	34	49	39	25	27	7	39	31	39	30	27	11	22	17	23	10	14
339	11	4	3	6	5	7	5	3	9	4	4	3	7	11	2	6	3	1	5	7
335	1	0	0	2	1	0	0	0	0	4	0	0	1	0	0	0	0	0	0	0
334	0	0	2	0	2	0	2	1	2	1	3	1	0	0	6	0	1	2	1	0
336	1	0	1	1	3	7	7	3	3	1	2	2	6	0	29	0	15	2	15	1
330	1	0	0	0	0	1	0	1	0	1	0	0	0	0	1	0	0	1	1	0
333	1	0	0	3	0	0	2	0	1	1	0	0	0	0	1	0	0	0	1	0
332	0	1	1	2	0	0	1	0	0	2	0	2	3	1	0	0	0	0	1	1
8	41	69	30	8	22	53	27	22	113	63	10	72	28	6	9	8	7	33	4	10
949	0	2	0	5	4	0	1	2	0	0	2	1	5	2	4	0	2	2	0	3
944	0	0	0	0	0	0	0	2	0	3	1	1	0	0	0	0	0	0	2	0
942	0	0	1	0	1	1	1	0	0	0	0	0	0	0	0	0	0	1	0	0
133	0	0	0	1	0	28	2	3	0	0	5	0	2	0	0	0	0	0	6	2
132	0	0	2	0	0	1	1	1	0	6	1	1	0	0	0	3	2	0	6	0
131	1	2	0	1	0	0	2	1	1	1	2	2	1	2	0	0	0	0	0	0
130	3	0	1	1	1	4	0	6	6	0	8	3	0	0	0	2	1	2	5	0
137	0	0	1	1	0	0	0	2	0	0	0	1	0	1	0	4	1	0	1	0
136	2	1	1	1	0	0	0	3	1	0	0	0	1	2	1	0	0	0	0	2
135	1	8	0	0	0	0	0	0	0	0	0	0	0	0	0	0	0	0	0	0
134	0	0	0	0	0	0	0	0	0	0	0	0	0	0	0	0	10	0	15	1
139	0	1	2	2	1	1	1	1	1	1	1	4	1	1	1	1	0	1	1	0
138	4	1	2	0	0	0	3	1	1	1	3	0	1	1	1	0	2	1	4	2
708	0	0	0	0	6	0	0	0	0	0	0	0	0	0	0	0	0	0	0	0
709	1	1	2	0	0	0	1	1	0	0	0	1	0	0	0	0	0	0	0	0
706	0	0	0	0	0	0	0	1	1	1	0	1	1	1	1	0	0	0	0	2
700	2	1	0	1	0	1	0	0	0	1	0	0	1	2	2	0	0	0	0	1
701	3	2	2	3	1	0	0	0	5	5	2	4	1	3	4	4	0	2	2	2
702	0	0	0	0	0	0	4	0	0	0	0	0	0	0	0	0	0	0	0	1
88	0	0	0	0	0	1	0	1	0	0	3	0	1	0	1	0	1	1	2	1
89	3	1	4	1	0	2	0	3	2	3	4	2	0	1	1	3	3	4	0	1
82	0	0	0	0	0	0	0	0	0	3	0	0	0	0	0	4	34	0	31	13
83	3	3	2	0	3	3	1	2	2	0	5	3	1	1	0	2	3	0	5	10
80	1	4	3	1	12	7	1	10	5	27	5	5	0	1	0	2	11	3	19	6
81	10	0	1	1	5	5	6	2	10	5	13	6	1	3	1	2	2	4	4	2
86	0	0	1	2	0	10	0	1	1	1	2	3	3	0	2	1	2	1	2	3
87	1	2	3	3	0	1	2	3	2	4	3	3	3	4	2	2	5	1	1	2
84	12	4	0	0	2	0	2	0	0	4	14	10	0	0	1	0	1	1	0	0
85	0	0	0	0	0	1	0	1	0	0	0	3	1	0	1	1	0	0	0	1
585	1	0	1	0	1	3	0	1	2	2	6	2	1	0	0	1	0	0	1	0
582	1	1	0	0	0	0	1	3	0	1	1	0	0	1	0	2	3	0	0	1
580	1	0	0	1	0	0	0	2	0	0	0	0	2	0	1	0	0	2	0	0
418	0	0	0	0	1	1	0	0	0	1	0	0	0	0	1	1	1	0	0	0
458	0	0	0	1	0	1	0	0	0	1	0	1	1	0	1	0	0	0	0	0
459	1	1	1	0	0	0	2	0	0	0	0	0	1	0	0	1	0	1	0	0
452	1	0	0	0	1	1	0	1	0	0	1	2	0	0	0	0	1	0	0	0
453	0	0	0	1	0	2	0	0	0	0	0	0	2	1	1	1	0	0	0	0
1344	1	0	0	0	0	0	0	0	0	1	1	0	0	0	2	0	0	0	0	0
455	0	0	1	2	1	0	0	1	0	0	0	0	0	0	0	0	1	0	0	0
1503	1	0	1	1	0	0	0	0	0	0	1	5	0	0	0	0	1	0	2	1
655	2	2	0	2	0	1	0	0	2	0	0	0	0	0	0	0	1	1	0	0
1508	3	0	2	1	0	1	0	0	0	0	2	0	0	1	0	2	1	0	1	1
1509	0	0	1	0	0	1	1	4	0	1	1	1	1	0	1	1	0	1	0	0
659	0	0	0	3	1	0	0	2	0	0	0	0	0	1	0	0	0	0	0	0
322	0	0	1	3	1	1	0	2	0	1	1	0	0	1	2	0	1	0	1	1
320	0	0	1	0	0	0	0	1	0	0	1	1	1	0	0	1	0	0	2	0
326	0	0	0	0	0	2	0	1	0	0	1	0	0	0	0	0	0	0	0	1
325	0	3	1	0	0	0	0	1	2	1	0	0	0	0	0	0	0	1	1	0
328	1	0	0	0	0	1	0	0	0	0	0	0	1	0	0	0	0	1	0	1
329	0	3	0	0	0	0	0	0	0	0	0	0	0	1	0	3	0	0	0	0
990	0	0	0	1	1	0	0	1	0	2	0	0	0	0	0	0	0	0	1	0
120	1	0	0	1	0	0	1	6	0	5	2	6	0	1	1	0	6	0	17	2
121	1	0	0	3	0	2	1	5	0	1	0	0	2	3	3	1	1	1	0	2
122	0	1	0	2	0	1	1	2	0	0	0	0	2	6	4	1	0	1	0	0
123	1	4	4	1	5	6	5	2	3	3	5	1	5	6	2	3	2	1	0	2
124	1	9	7	0	0	0	0	0	0	0	1	0	0	1	0	0	0	1	1	0
125	3	0	0	0	2	0	0	0	1	0	0	0	1	0	0	0	1	2	8	0
126	0	0	0	1	0	0	1	0	0	2	0	3	1	0	2	1	2	0	0	0
127	2	0	2	3	4	1	1	4	0	2	1	1	1	0	0	5	1	1	0	0
129	2	1	5	0	3	3	0	0	1	1	2	6	1	0	1	1	3	0	10	0
578	0	2	0	1	1	0	0	0	0	0	0	0	0	1	0	0	0	0	0	1
571	0	1	0	0	3	0	0	0	0	1	0	1	3	0	1	0	1	2	0	0
570	2	1	0	0	0	1	0	0	0	0	0	1	0	0	0	0	0	0	0	0
575	0	0	0	0	0	2	0	0	1	0	0	0	0	0	0	0	1	2	0	0
1209	0	0	0	1	0	1	1	1	1	0	0	0	0	0	0	2	0	0	0	0
1427	0	0	0	0	0	0	1	1	0	3	0	0	0	0	0	0	1	0	0	0
730	0	0	0	0	0	0	0	0	0	0	0	1	0	0	1	1	1	1	0	1
739	8	0	0	4	0	6	2	2	13	4	5	9	0	1	1	5	0	4	0	1
738	1	0	0	0	0	0	0	0	0	0	0	0	0	0	1	1	0	1	0	1
469	0	0	0	0	0	0	0	0	0	3	3	0	0	0	0	0	0	0	1	0
468	1	1	0	0	0	0	1	0	0	0	1	0	0	0	1	0	0	0	2	1
465	0	0	0	2	0	0	1	0	0	0	0	0	1	0	1	0	0	0	1	0
1352	0	0	1	0	0	0	1	0	0	0	0	0	0	0	1	0	0	1	1	0
461	1	2	3	0	0	0	1	0	0	0	0	0	0	0	0	0	0	2	0	1
463	1	1	0	1	0	1	0	1	0	0	0	0	0	0	0	0	1	0	0	0
462	1	0	0	0	0	0	1	2	0	1	0	1	0	0	0	0	0	0	0	0
1519	16	26	10	4	6	23	10	4	48	19	5	19	10	3	7	1	2	10	1	2
1517	8	15	10	12	6	18	44	40	16	12	19	8	8	9	6	4	12	3	10	15
1516	1	1	1	3	1	5	1	4	1	5	2	2	2	2	8	1	5	1	1	6
357	3	4	1	2	9	2	2	3	9	0	12	3	1	2	1	2	5	2	11	4
356	2	0	0	0	1	0	0	0	0	0	0	1	0	0	1	2	0	1	0	0
352	0	0	0	2	1	0	0	1	0	0	0	0	2	2	0	0	0	0	1	0
351	0	0	0	0	0	0	0	0	0	0	0	1	2	0	0	0	1	1	1	0
350	0	0	0	0	2	0	1	0	1	0	0	1	0	0	0	0	1	0	1	0
359	0	0	1	0	0	0	0	2	1	0	1	0	0	1	0	1	1	0	0	2
358	0	0	2	0	0	1	0	1	0	0	0	0	1	0	0	0	0	0	0	0
1113	1	4	0	6	2	2	4	8	5	8	4	3	0	2	5	4	2	4	12	0
289	1	0	0	1	0	0	0	0	0	0	0	0	1	1	2	0	0	0	0	0
1112	1	0	0	0	0	2	1	0	3	1	1	1	0	0	0	0	0	0	0	0
281	1	0	2	1	0	0	0	0	0	0	1	1	0	0	0	0	1	1	1	1
283	0	0	0	2	0	0	0	1	0	1	1	1	1	0	1	0	0	0	0	0
282	0	0	0	0	0	0	0	1	0	0	4	0	0	2	0	0	0	0	3	3
285	1	0	0	3	0	1	1	0	0	0	0	0	1	1	0	0	0	0	0	0
284	0	0	1	1	1	3	0	0	0	2	0	2	1	0	2	0	0	0	1	1
287	1	0	0	0	1	0	0	2	1	1	0	0	0	0	0	2	0	1	0	0
286	0	0	0	2	0	1	1	1	2	1	1	1	0	2	1	1	2	0	1	1
1441	0	1	0	0	1	0	0	0	0	4	0	0	2	0	1	0	0	1	0	1
263	0	0	0	0	0	0	0	0	0	1	2	0	0	0	0	0	0	0	0	3
262	0	1	0	0	0	0	0	1	0	0	0	0	4	0	0	1	4	0	2	3
260	1	0	0	0	0	0	0	0	1	3	0	0	0	0	0	1	1	0	1	1
267	0	0	0	0	1	1	0	1	0	2	1	0	0	0	0	1	1	0	0	2
266	0	1	0	2	3	0	0	0	0	0	0	0	0	1	3	0	0	0	0	0
265	1	3	8	5	1	2	3	2	3	1	1	6	4	6	5	1	2	5	0	1
264	0	0	0	0	0	0	0	0	0	0	0	0	1	0	0	1	0	0	2	3
269	0	0	2	0	1	0	0	0	0	0	1	0	1	0	0	0	0	2	0	0
268	0	0	0	1	0	2	0	1	0	0	0	1	0	0	1	0	0	0	1	0
982	0	0	2	1	0	2	0	0	0	0	0	0	0	0	0	0	1	0	0	0
980	2	1	0	2	1	4	0	2	0	1	1	0	4	0	0	0	0	0	0	0
984	0	0	4	0	0	0	0	0	0	1	0	0	1	0	1	0	0	0	0	0
115	3	12	1	1	2	1	0	2	2	0	1	0	0	1	2	1	4	9	5	2
114	0	8	1	4	2	2	4	1	6	1	3	5	5	8	1	3	5	4	0	0
117	0	1	0	0	0	0	0	0	0	1	2	0	0	0	1	2	1	0	0	0
116	2	0	1	1	0	0	1	1	0	5	4	1	1	0	0	1	1	0	0	0
111	0	0	0	27	5	0	0	0	0	0	0	0	0	0	0	0	0	0	0	0
110	6	1	0	0	0	0	12	1	0	0	2	9	0	0	0	0	0	2	2	7
113	1	0	1	1	3	1	3	3	4	1	6	6	0	0	1	1	4	3	1	2
112	1	3	7	0	2	0	0	0	0	1	1	1	1	0	2	5	2	1	6	0
119	0	0	0	0	0	0	0	0	0	0	0	0	0	1	0	4	1	0	0	0
118	0	0	0	1	0	5	8	0	5	0	10	28	0	0	0	0	0	0	0	0
569	1	0	2	2	1	1	0	0	2	0	0	0	1	0	1	0	0	1	0	1
561	1	0	2	0	3	0	0	0	0	0	0	0	0	0	0	0	0	0	0	0
563	1	0	0	0	0	0	0	1	0	2	0	1	0	0	0	0	0	1	0	2
567	2	9	2	11	2	3	1	6	1	7	3	3	4	4	0	3	1	4	11	1
1184	0	0	0	0	0	0	0	0	1	0	0	0	0	1	2	0	0	0	0	1
726	8	0	2	0	3	0	0	0	0	0	0	0	0	0	0	0	0	2	0	0
725	0	0	0	1	0	0	0	1	0	0	0	0	2	2	0	0	0	0	0	0
722	7	5	11	7	10	11	5	2	0	5	9	5	2	3	4	8	3	3	2	1
720	1	0	1	1	0	0	0	0	0	0	0	0	0	0	1	0	1	0	0	0
729	11	7	10	22	6	12	18	19	10	26	10	5	21	17	12	9	18	18	15	9
1167	0	0	2	0	0	0	0	0	0	0	2	1	0	0	1	1	0	0	0	0
48	11	0	0	0	26	13	1	2	37	23	9	16	3	5	0	1	12	3	10	8
49	1	1	0	0	2	0	2	3	1	1	1	0	2	1	2	0	1	2	1	2
46	1	2	4	3	1	6	7	4	3	1	0	2	3	1	3	2	1	1	1	2
47	22	0	0	0	0	9	9	0	21	10	9	7	1	2	0	3	0	7	3	7
44	13	0	0	2	0	4	0	10	19	9	12	28	1	3	2	6	0	5	0	1
45	0	0	1	0	6	4	0	18	7	17	5	2	0	0	0	1	3	0	10	3
42	3	1	2	1	6	19	6	9	8	12	33	16	2	2	1	5	9	3	13	13
43	3	0	11	2	4	4	24	8	24	14	42	4	1	0	1	1	3	13	7	2
40	9	11	12	0	3	43	6	0	6	1	58	28	10	8	9	7	13	3	11	4
41	3	1	9	9	3	9	7	6	5	4	7	2	10	10	7	3	4	4	4	2
1294	0	0	0	3	1	0	0	0	0	4	0	0	1	1	1	0	0	0	0	0
1201	8	9	3	17	15	15	9	14	12	8	10	9	13	16	7	13	19	10	11	14
474	0	0	0	0	1	0	2	0	1	0	0	0	1	0	0	0	0	0	0	0
